1582046379.000000, IBI
35.126608,0.890666
36.064151,0.937543
37.064196,1.000046
38.032991,0.968794
38.845528,0.812537
150.069369,0.515649
164.195016,0.593777
164.945050,0.750034
165.679459,0.734409
166.366990,0.687531
167.070148,0.703157
167.820182,0.750034
168.523339,0.703157
169.210871,0.687531
169.914028,0.703157
170.664062,0.750034
171.367219,0.703157
176.586208,0.640654
177.273740,0.687531
178.117528,0.843789
182.336471,0.671906
187.055437,0.781286
219.463171,0.671906
268.152900,0.765660
268.840431,0.687531
277.059557,0.765660
277.887720,0.828163
278.872140,0.984420
285.903712,0.671906
286.606869,0.703157
287.388155,0.781286
295.763538,0.750034
296.388567,0.625029
297.091724,0.703157
297.763630,0.671906
298.435536,0.671906
299.185570,0.750034
307.748462,0.578151
360.297742,0.593777
361.016525,0.718783
361.719682,0.703157
362.375962,0.656280
363.063494,0.687531
363.719774,0.656280
374.251506,0.671906
374.954663,0.703157
375.626569,0.671906
387.533364,0.718783
388.127141,0.593777
388.845924,0.718783
389.486578,0.640654
390.111607,0.625029
390.767887,0.656280
391.314787,0.546900
395.580607,0.625029
396.299390,0.718783
396.924419,0.625029
397.580699,0.656280
398.252605,0.671906
398.877633,0.625029
399.565165,0.687531
402.502799,0.625029
403.174705,0.671906
403.846611,0.671906
404.487265,0.640654
405.127919,0.640654
405.862328,0.734409
406.471731,0.609403
407.143637,0.671906
407.799917,0.656280
408.409320,0.609403
409.174980,0.765660
412.456380,0.656280
413.190789,0.734409
413.862694,0.671906
414.722109,0.859414
415.440892,0.718783
416.034669,0.593777
424.613186,0.875040
425.253841,0.640654
425.972624,0.718783
426.691406,0.718783
431.379121,0.796911
432.238535,0.859414
433.019821,0.781286
433.863610,0.843789
434.676147,0.812537
435.348053,0.671906
436.051210,0.703157
436.754367,0.703157
437.457524,0.703157
438.238810,0.781286
537.024582,0.625029
537.649611,0.625029
579.167136,0.578151
579.932796,0.765660
580.589076,0.656280
581.214105,0.625029
581.714128,0.500023
597.292966,0.640654
597.964871,0.671906
598.527397,0.562526
599.011794,0.484397
599.683700,0.671906
600.261852,0.578151
600.808752,0.546900
601.465032,0.656280
754.018890,0.609403
754.628293,0.609403
755.347075,0.718783
755.956478,0.609403
756.628384,0.671906
757.362793,0.734409
757.956570,0.593777
758.581599,0.625029
759.269130,0.687531
759.956661,0.687531
772.238474,0.671906
772.957257,0.718783
773.660414,0.703157
774.269817,0.609403
775.019851,0.750034
775.644880,0.625029
776.254282,0.609403
776.973065,0.718783
777.582468,0.609403
778.191871,0.609403
782.582697,0.578151
783.254603,0.671906
783.926509,0.671906
784.457783,0.531274
785.067186,0.609403
1028.953350,0.703157
1029.656507,0.703157
1030.375290,0.718783
1031.125324,0.750034
1197.695449,0.656280
1198.336103,0.640654
1198.992383,0.656280
1199.820546,0.828163
1292.184149,0.765660
1292.840429,0.656280
1293.637341,0.796911
1294.481129,0.843789
1297.950038,0.656280
1298.637569,0.687531
1299.246972,0.609403
1300.012632,0.765660
1363.999936,0.609403
1364.656216,0.656280
1365.390625,0.734409
1366.140659,0.750034
1366.796939,0.656280
1367.656354,0.859414
1391.782458,0.703157
1392.563744,0.781286
1393.141895,0.578151
1393.720047,0.578151
1405.033065,0.796911
1405.751848,0.718783
1450.769533,0.781286
1509.615977,0.765660
1537.679761,0.656280
1538.445421,0.765660
1539.164204,0.718783
1539.789233,0.625029
1569.337461,0.734409
1570.071869,0.734409
1570.821903,0.750034
1571.525061,0.703157
1572.243844,0.718783
1572.993878,0.750034
1573.790789,0.796911
1574.447069,0.656280
1575.212729,0.765660
1575.931512,0.718783
1576.665921,0.734409
1577.462832,0.796911
1638.293742,0.703157
1638.903145,0.609403
1639.450045,0.546900
1853.850485,0.656280
1854.678648,0.828163
1863.850942,0.515649
1864.413468,0.562526
1864.960368,0.546900
1880.882972,0.546900
1881.461123,0.578151
1882.008024,0.546900
1882.492421,0.484397
1883.086198,0.593777
1883.617472,0.531274
1915.837697,0.687531
1916.400223,0.562526
1917.072129,0.671906
1923.619303,0.625029
1932.447832,0.625029
1933.119738,0.671906
1933.776018,0.656280
1934.385421,0.609403
1935.119830,0.734409
1935.760484,0.640654
1936.573021,0.812537
1997.091416,0.562526
2044.234199,0.750034
2044.921731,0.687531
2045.484257,0.562526
2046.109285,0.625029
2046.703062,0.593777
2061.828755,0.609403
2062.485035,0.656280
2063.156940,0.671906
2063.703840,0.546900
2073.204275,0.671906
2073.907433,0.703157
2074.594964,0.687531
2075.313747,0.718783
2076.126284,0.812537
2079.345181,0.750034
2084.626673,0.671906
2085.251702,0.625029
2085.907982,0.656280
2086.595513,0.687531
2087.345548,0.750034
2088.048705,0.703157
2088.736236,0.687531
2089.439394,0.703157
2090.142551,0.703157
2090.830082,0.687531
2091.517614,0.687531
2092.205145,0.687531
2092.892677,0.687531
2093.595834,0.703157
2094.283365,0.687531
2095.002148,0.718783
2095.767808,0.765660
2096.470965,0.703157
2097.236625,0.765660
2097.986660,0.750034
2098.705443,0.718783
2099.408600,0.703157
2100.096131,0.687531
2100.768037,0.671906
2107.002697,0.609403
2113.471744,0.671906
2114.159275,0.687531
2114.893684,0.734409
2115.643718,0.750034
2116.409378,0.765660
2117.143787,0.734409
2117.846944,0.703157
2134.972728,0.750034
2135.629008,0.656280
2136.332165,0.703157
2136.941568,0.609403
2137.566597,0.625029
2138.160374,0.593777
2138.769777,0.609403
2139.394805,0.625029
2140.160465,0.765660
2140.957377,0.796911
2141.738663,0.781286
2142.441820,0.703157
2143.191854,0.750034
2143.941889,0.750034
2144.707549,0.765660
2145.395080,0.687531
2146.098237,0.703157
2146.738892,0.640654
2147.379546,0.640654
2147.988949,0.609403
2148.598352,0.609403
2149.285883,0.687531
2150.067169,0.781286
2150.879706,0.812537
2151.582863,0.703157
2152.379775,0.796911
2153.004803,0.625029
2153.645458,0.640654
2154.301738,0.656280
2162.708373,0.640654
2260.947244,0.609403
2331.325466,0.656280
2359.092362,0.593777
2359.670513,0.578151
2360.201788,0.531274
2546.725951,1.171929
2554.398177,0.625029
2554.976328,0.578151
2571.773972,0.609403
2572.320872,0.546900
2572.899024,0.578151
2573.492801,0.593777
2574.133455,0.640654
2574.680355,0.546900
2575.274132,0.593777
2575.742904,0.468771
2583.524510,0.656280
2584.227667,0.703157
2584.915199,0.687531
2585.555853,0.640654
2586.305887,0.750034
2586.977793,0.671906
2587.587196,0.609403
2588.243476,0.656280
2588.759125,0.515649
2594.071868,0.750034
2641.339657,0.750034
2642.277200,0.937543
2704.373792,0.812537
2705.186329,0.812537
2705.936363,0.750034
2706.780152,0.843789
2707.592689,0.812537
2708.311472,0.718783
2709.124009,0.812537
2709.920921,0.796911
2710.592827,0.671906
2711.295984,0.703157
2711.967890,0.671906
2712.608544,0.640654
2713.421081,0.812537
2714.233618,0.812537
2715.030530,0.796911
2715.936821,0.906291
2716.655604,0.718783
2717.452516,0.796911
2718.265053,0.812537
2718.936959,0.671906
2719.749496,0.812537
2720.499530,0.750034
2721.187062,0.687531
2721.983973,0.796911
2722.734007,0.750034
2723.390287,0.656280
2724.171573,0.781286
2724.905982,0.734409
2725.609139,0.703157
2726.327922,0.718783
2727.046705,0.718783
2727.734236,0.687531
2799.159381,0.671906
2799.846912,0.687531
2816.410170,0.718783
2817.082076,0.671906
2817.769608,0.687531
2818.457139,0.687531
2819.113419,0.656280
2819.769699,0.656280
2820.613488,0.843789
2821.207265,0.593777
2821.863545,0.656280
2822.472948,0.609403
2823.113602,0.640654
2823.738631,0.625029
2824.394911,0.656280
2825.035565,0.640654
2825.707471,0.671906
2826.426254,0.718783
2888.538472,0.765660
2889.335383,0.796911
2890.163546,0.828163
2890.882329,0.718783
2891.679240,0.796911
2892.382398,0.703157
2893.101181,0.718783
2906.398664,0.578151
2907.039319,0.640654
2907.633096,0.593777
2908.398756,0.765660
2909.242544,0.843789
2977.276909,0.625029
2978.120697,0.843789
2982.574026,0.812537
2983.339686,0.765660
2984.089720,0.750034
2984.855381,0.765660
2985.652292,0.796911
2986.417952,0.765660
2987.136735,0.718783
2987.949272,0.812537
2988.699306,0.750034
2989.418089,0.718783
2990.199375,0.781286
2990.933784,0.734409
2995.012095,0.609403
2998.340373,0.671906
2998.965401,0.625029
2999.621681,0.656280
3000.356090,0.734409
3001.027996,0.671906
3001.637399,0.609403
3002.293679,0.656280
3002.996836,0.703157
3003.668742,0.671906
3004.325022,0.656280
3005.028179,0.703157
3005.731336,0.703157
3006.418868,0.687531
3007.137650,0.718783
3007.872059,0.734409
3008.575216,0.703157
3009.340876,0.765660
3010.012782,0.671906
3018.450668,0.734409
3019.169451,0.718783
3019.872608,0.703157
3020.622643,0.750034
3021.325800,0.703157
3022.091460,0.765660
3022.794617,0.703157
3023.560277,0.765660
3024.294686,0.734409
3025.060346,0.765660
3025.826006,0.765660
3026.560415,0.734409
3027.341700,0.781286
3028.122986,0.781286
3028.873020,0.750034
3029.623055,0.750034
3030.404341,0.781286
3031.154375,0.750034
3031.935661,0.781286
3032.716946,0.781286
3033.451355,0.734409
3034.138886,0.687531
3034.857669,0.718783
3035.607704,0.750034
3036.310861,0.703157
3037.045269,0.734409
3037.748427,0.703157
3038.420332,0.671906
3039.139115,0.718783
3039.842273,0.703157
3040.514178,0.671906
3041.217335,0.703157
3041.920493,0.703157
3042.592398,0.671906
3043.311181,0.718783
3043.998713,0.687531
3044.686244,0.687531
3045.358150,0.671906
3046.061307,0.703157
3046.764464,0.703157
3047.405119,0.640654
3048.092650,0.687531
3048.733305,0.640654
3049.389585,0.656280
3050.092742,0.703157
3050.733396,0.640654
